# Vertices # Edges            Time [Array]        Time [Binary Heap]                     
64         2016               0.133               0.137                                  
128        8128               0.528               0.486                                  
256        32640              2.319               1.993                                  
512        130816             10.421              9.196                                  
1024       523776             44.806              37.003                                 
64         128                0.264               0.232                                  
128        256                0.707               0.415                                  
256        512                1.983               0.719                                  
512        1024               1.970               0.384                                  
1024       2048               7.754               0.862                                  
